[gd_scene load_steps=9 format=2]

[ext_resource path="res://assets/models/foliage/tree2.dae" type="PackedScene" id=1]
[ext_resource path="res://addons/gradient_shader/gradient.tres" type="Material" id=2]
[ext_resource path="res://scripts/actables/talkable.gd" type="Script" id=3]

[sub_resource type="CylinderShape" id=1]

margin = 0.04
radius = 1.0
height = 7.0

[sub_resource type="CylinderShape" id=2]

margin = 0.04
radius = 0.6
height = 6.0

[sub_resource type="CylinderShape" id=3]

margin = 0.04
radius = 0.45
height = 3.0

[sub_resource type="CylinderShape" id=5]

margin = 0.04
radius = 0.298493
height = 2.0

[sub_resource type="CylinderShape" id=4]

margin = 0.04
radius = 0.2
height = 2.0

[node name="fallen_tree" index="0" instance=ExtResource( 1 )]

[node name="Cube" parent="." index="0"]
transform = Transform( 0.0550312, -0.62901, 0, 0.109226, 0.00955608, -0.62182, 0.619454, 0.0541952, 0.109644, 0, 0.574391, 0 )
material/0 = ExtResource( 2 )
_sections_unfolded = [ "material" ]

[node name="StaticBody" type="StaticBody" parent="Cube" index="0"]
input_ray_pickable = true
input_capture_on_drag = false
collision_layer = 1
collision_mask = 1
constant_linear_velocity = Vector3( 0, 0, 0 )
constant_angular_velocity = Vector3( 0, 0, 0 )
script = ExtResource( 3 )
ac_name = "Fallen_Tree"
dialog_source = "res://scripts/dialog/viewables.dlg"
dialog_entry = "view_fallen_tree"
action_type = "view"

[node name="CollisionShape" type="CollisionShape" parent="Cube/StaticBody" index="0"]
transform = Transform( 1, 1.49012e-08, 4.47035e-08, -6.70552e-08, 1, -3.72529e-09, 0, 2.79397e-09, 1, 0.095865, 2.36499, -0.131475 )
shape = SubResource( 1 )
disabled = false
_sections_unfolded = [ "shape" ]

[node name="CollisionShape2" type="CollisionShape" parent="Cube/StaticBody" index="1"]
transform = Transform( 0.997124, -0.0757789, -0.00166982, 0.0757942, 0.997035, 0.0132682, 0.000659347, -0.0133566, 0.999912, 1.2797, 6.31334, -1.02021 )
shape = SubResource( 2 )
disabled = false
_sections_unfolded = [ "shape" ]

[node name="CollisionShape3" type="CollisionShape" parent="Cube/StaticBody" index="2"]
transform = Transform( 0.20816, -0.508938, -0.835256, 0.58659, 0.748304, -0.309767, 0.782679, -0.425471, 0.454309, -0.996363, 4.40414, -1.7833 )
shape = SubResource( 3 )
disabled = false
_sections_unfolded = [ "shape" ]

[node name="CollisionShape5" type="CollisionShape" parent="Cube/StaticBody" index="3"]
transform = Transform( 0.472899, 0.561637, -0.678921, -0.863395, 0.449133, -0.229851, 0.175832, 0.694871, 0.697313, 2.2097, 5.66953, 0.0229599 )
shape = SubResource( 5 )
disabled = false

[node name="CollisionShape4" type="CollisionShape" parent="Cube/StaticBody" index="4"]
transform = Transform( 0.919259, 0.392426, 0.0310695, -0.348822, 0.848605, -0.397737, -0.182448, 0.354785, 0.916976, 2.99653, 6.73932, 1.00372 )
shape = SubResource( 4 )
disabled = false
_sections_unfolded = [ "shape" ]

